2 1 3 0
5 2 4 1
3 0 5 2
6 1 4 3
2 3 3 2
3 3 4 2
4 3 2 1
1 0 3 2
5 0 4 1
3 2 5 0
7 2 6 1
5 0 7 2
7 0 6 1
7 2 5 0
5 6 4 7
2 5 3 6
4 7 2 5
1 6 3 4
6 3 5 2
3 4 4 3
5 2 3 4
1 4 2 5
3 4 1 6
0 7 2 5
5 4 4 3
2 7 3 6
6 5 5 6
2 5 3 4
4 3 2 5
0 1 1 0
5 6 4 7
0 5 1 6
2 5 0 7
5 0 4 1
4 7 2 5
1 2 2 3
2 5 1 4
0 3 2 5
0 7 1 6
1 0 2 1
1 6 3 4
2 3 4 5
7 4 6 5
2 1 3 2
6 5 5 6
4 5 5 4
5 6 4 7
3 2 4 3
4 7 3 6
5 4 6 3
3 6 2 5
6 3 7 4
2 5 1 4
7 4 6 3
1 4 0 3
4 3 5 4
0 3 1 4
5 4 6 5
7 6 5 4
6 3 4 5
1 4 2 3
4 5 5 4
6 7 5 6
5 4 4 5
5 6 3 4
4 1 3 2
2 3 4 1
n
